# MVE view meta data is stored in INI-file syntax.
# This file is generated, formatting will get lost.

[camera]
focal_length = 0.8442031741
pixel_aspect = 1
principal_point = 0.5 0.5
radial_distortion = 0.008040177636 0.00389636308
rotation = 0.7325106859 0.667314887 0.1346067041 0.6765188575 -0.7356051803 -0.03474548459 0.0758312121 0.1165154129 -0.9902897477
translation = 5.402053833 68.26882935 306.9093933

[view]
id = 1
name = 0001
