# MVE view meta data is stored in INI-file syntax.
# This file is generated, formatting will get lost.

[camera]
focal_length = 0.8442031741
pixel_aspect = 1
principal_point = 0.5 0.5
radial_distortion = 0.008040177636 0.00389636308
rotation = 0.6967316866 0.7137718201 -0.07137765735 0.7089253664 -0.700338304 -0.08337275684 -0.1094976291 0.007487007882 -0.9939588308
translation = 45.57394028 26.75147247 302.5238037

[view]
id = 0
name = 0000
