# MVE view meta data is stored in INI-file syntax.
# This file is generated, formatting will get lost.

[camera]
focal_length = 0.8442031741
pixel_aspect = 1
principal_point = 0.5 0.5
radial_distortion = 0.008040177636 0.00389636308
rotation = -0.2983191609 -0.9498577118 0.09368047863 -0.9542276859 0.2946107388 -0.05151694268 0.02133449167 -0.104760997 -0.9942685366
translation = 5.965079784 4.312942505 307.9162292

[view]
id = 2
name = 0002
